0.2242295 0.14
0.2228112 0.14
0.220915 0.14
0.2224505 0.14
0.2215751 0.14
0.2217549 0.14
0.2205985 0.14
0.2182612 0.14
0.2186393 0.14
0.2198254 0.14
0.217868 0.14
0.2188979 0.14
0.2194264 0.14
0.2238757 0.14
0.2220377 0.14
0.2218769 0.14
0.2202353 0.14
0.2401855 0.15
0.2387882 0.15
0.2401774 0.15
0.2409731 0.15
0.2423524 0.15
0.2419005 0.15
0.2388693 0.15
0.2407271 0.15
0.2395287 0.15
0.2344695 0.15
0.2402292 0.15
0.2415056 0.15
0.2419403 0.15
0.2410896 0.15
0.2373891 0.15
0.2364052 0.15
0.2355144 0.15
0.236286 0.15
0.2566637 0.16
0.2571752 0.16
0.2607696 0.16
0.2595352 0.16
0.2590356 0.16
0.2582229 0.16
0.2536663 0.16
0.2520766 0.16
0.253068 0.16
0.2524729 0.16
0.2539046 0.16
0.2607481 0.16
0.2610491 0.16
0.2609827 0.16
0.26122 0.16
0.259806 0.16
0.2747796 0.17
0.2748325 0.17
0.2713413 0.17
0.267359 0.17
0.2686824 0.17
0.2698045 0.17
0.2733674 0.17
0.2731796 0.17
0.2724881 0.17
0.2724652 0.17
0.2744862 0.17
0.2712439 0.17
0.2719225 0.17
0.2728633 0.17
0.270839 0.17
0.2976404 0.18
0.2921106 0.18
0.2973858 0.18
0.2962402 0.18
0.2972529 0.18
0.2947403 0.18
0.2921571 0.18
0.2925335 0.18
0.2908747 0.18
0.2928756 0.18
0.2938559 0.18
0.2923078 0.18
0.2956495 0.18
0.2978044 0.18
0.2948734 0.18
0.2973614 0.18
0.2981849 0.18
0.2937865 0.18
0.2979081 0.18
0.3068923 0.19
0.3067498 0.19
0.3070835 0.19
0.3074566 0.19
0.3082095 0.19
0.3078691 0.19
0.3099884 0.19
0.3129134 0.19
0.3147566 0.19
0.3117896 0.19
0.3118464 0.19
0.3113047 0.19
0.3101911 0.19
0.3077087 0.19
0.3073753 0.19
0.3078995 0.19
0.3076701 0.19
0.3077164 0.19
0.3081996 0.19
0.3254195 0.2
0.3258809 0.2
0.3270953 0.2
0.3292546 0.2
0.3256683 0.2
0.3250496 0.2
0.3245575 0.2
0.3252431 0.2
0.3269146 0.2
0.3294632 0.2
0.3283856 0.2
0.3280607 0.2
0.3251768 0.2
0.3255029 0.2
0.3256102 0.2
0.325893 0.2
0.3251744 0.2
0.3246283 0.2
0.3252074 0.2
0.327535 0.2
0.3260587 0.2
0.3437031 0.21
0.34373 0.21
0.3436884 0.21
0.344698 0.21
0.3472115 0.21
0.3479944 0.21
0.3450952 0.21
0.3455285 0.21
0.3457148 0.21
0.3481865 0.21
0.3476119 0.21
0.3491713 0.21
0.3494762 0.21
0.3466802 0.21
0.346809 0.21
0.3442828 0.21

0.3689572 0.22
0.3684511 0.22
0.3682542 0.22
0.3689287 0.22
0.3693305 0.22
0.3690723 0.22
0.3689627 0.22
0.3710155 0.22
0.3702338 0.22
0.3704454 0.22
0.3729057 0.22
0.3743131 0.22
0.3745348 0.22
0.3740191 0.22
0.3739913 0.22
0.3718858 0.22
0.3707574 0.22
0.3714239 0.22
0.3951327 0.23
0.3937723 0.23
0.3921442 0.23
0.3880414 0.23
0.3879769 0.23
0.3923333 0.23
0.3928015 0.23
0.3906558 0.23
0.3949044 0.23
0.3933989 0.23
0.393557 0.23
0.3939844 0.23
0.3921734 0.23
0.4164175 0.24
0.4125022 0.24
0.4124146 0.24
0.4114616 0.24
0.4103528 0.24
0.4124362 0.24
0.4114261 0.24
0.4185744 0.24
0.4229137 0.24
0.4122936 0.24
0.4112061 0.24
0.4134248 0.24
0.4111227 0.24
0.4116678 0.24
0.4101914 0.24
0.408985 0.24
0.4080403 0.24
0.4097374 0.24
0.4090704 0.24
0.4090344 0.24
0.4268664 0.25
0.4263445 0.25
0.4274963 0.25
0.4293607 0.25
0.4296396 0.25
0.4279233 0.25
0.4263986 0.25
0.4262842 0.25
0.4257655 0.25
0.4257932 0.25
0.4272341 0.25
0.4268141 0.25
0.4282485 0.25
0.4299338 0.25
0.4308937 0.25
0.4306494 0.25
0.4288977 0.25
0.4316896 0.25
0.4357452 0.25
0.4404606 0.25
0.4483328 0.26
0.44916 0.26
0.4510938 0.26
0.4512795 0.26
0.451911 0.26
0.4505466 0.26
0.4505567 0.26
0.4509409 0.26
0.4499737 0.26
0.4477261 0.26
0.4474682 0.26
0.4468324 0.26
0.4512873 0.26
0.4489651 0.26
0.4436697 0.26
0.445418 0.26
0.4474961 0.26
0.4475127 0.26
0.4481775 0.26
0.448134 0.26
0.471967 0.27
0.472463 0.27
0.4740481 0.27
0.4737297 0.27
0.4737785 0.27
0.4730769 0.27
0.4719553 0.27
0.4697348 0.27
0.4706305 0.27
0.4721934 0.27
0.4739275 0.27
0.471905 0.27
0.4680842 0.27
0.4683955 0.27
0.468521 0.27
0.4688903 0.27
0.4683785 0.27
0.4656047 0.27
0.4597236 0.27
0.4612793 0.27
0.4830007 0.28
0.4845763 0.28
0.4847036 0.28
0.4839881 0.28
0.4832661 0.28
0.4869332 0.28
0.4860809 0.28
0.4874867 0.28
0.4865626 0.28
0.4817648 0.28
0.4804598 0.28
0.4925426 0.28
0.4926859 0.28
0.4843587 0.28
0.4853444 0.28
0.4847609 0.28
0.4853413 0.28
0.4948171 0.28
0.4905747 0.28
0.4889907 0.28
0.5021327 0.29
0.5005606 0.29
0.5032776 0.29
0.4992114 0.29
0.5034467 0.29
0.503483 0.29
0.5083411 0.29
0.5069413 0.29
0.500168 0.29
0.4999559 0.29
0.4991414 0.29
0.4998403 0.29
0.4953479 0.29
0.4954448 0.29
0.4996849 0.29
0.4995884 0.29
0.4997756 0.29
0.5027637 0.29
0.5031382 0.29
0.504734 0.29
0.5210449 0.3
0.5203549 0.3
0.5202745 0.3
0.5225117 0.3
0.5238074 0.3
0.5234677 0.3
0.5215193 0.3
0.519217 0.3
0.5168785 0.3
0.5169956 0.3
0.5176089 0.3
0.517504 0.3
0.5174375 0.3
0.5163131 0.3
0.5168712 0.3
0.5214078 0.3
0.5220575 0.3
0.520799 0.3
0.5173278 0.3
0.5200957 0.3
0.541595 0.31
0.5426636 0.31
0.5440861 0.31
0.5437816 0.31
0.541146 0.31
0.5353525 0.31
0.5373207 0.31
0.5346897 0.31
0.5373198 0.31
0.5395666 0.31
0.5415866 0.31
0.5437238 0.31
0.5440652 0.31
0.5497299 0.31
0.5647876 0.31
0.5542508 0.31
0.5534194 0.31
0.5466341 0.31
0.546472 0.31
0.543704 0.31
0.5646296 0.32
0.5661654 0.32
0.5570806 0.32
0.5569544 0.32
0.5533306 0.32
0.5531163 0.32
0.5516611 0.32
0.55097 0.32
0.5546142 0.32
0.5565514 0.32
0.5561283 0.32
0.5558473 0.32
0.5542284 0.32
0.55339 0.32
0.5563141 0.32
0.5570171 0.32
0.555703 0.32
0.5545523 0.32
0.5482023 0.32
0.5478643 0.32
0.570458 0.33
0.5716442 0.33
0.5709725 0.33
0.5742819 0.33
0.5710561 0.33
0.5682684 0.33
0.56646 0.33
0.5662262 0.33
0.5771108 0.33
0.5760698 0.33
0.575806 0.33
0.5728197 0.33
0.5698525 0.33
0.5708978 0.33
0.5680995 0.33
0.5676699 0.33
0.5694402 0.33
0.5716371 0.33
0.5765683 0.33
0.579816 0.33
0.6000545 0.34
0.5939838 0.34
0.5971002 0.34
0.5878192 0.34
0.5906513 0.34
0.5896319 0.34
0.590361 0.34
0.5896148 0.34
0.5885302 0.34
0.5872104 0.34
0.5875683 0.34
0.5892835 0.34
0.5902407 0.34
0.5899429 0.34
0.5953058 0.34
0.5915036 0.34
0.587718 0.34
0.5903092 0.34
0.5907163 0.34
0.5909071 0.34
0.6093738 0.35
0.6090679 0.35
0.6074645 0.35
0.6090083 0.35
0.6094279 0.35
0.6079315 0.35
0.6080986 0.35
0.6088892 0.35
0.6105759 0.35
0.6089123 0.35
0.6089609 0.35
0.6079981 0.35
0.6067372 0.35
0.6069906 0.35
0.6076642 0.35
0.6086011 0.35
0.6084772 0.35
0.6064337 0.35
0.6060866 0.35
0.6066824 0.35
0.6306617 0.36
0.6268418 0.36
0.6258735 0.36
0.629232 0.36
0.6296076 0.36
0.6277551 0.36
0.6263838 0.36
0.626178 0.36
0.625901 0.36
0.6248505 0.36
0.6240732 0.36
0.6247135 0.36
0.6254379 0.36
0.6265155 0.36
0.6247449 0.36
0.6241435 0.36
0.6244932 0.36
0.6235225 0.36
0.6228558 0.36
0.6241633 0.36
0.6240318 0.36
0.6263546 0.36
0.6252201 0.36
0.625547 0.36
0.6413066 0.37
0.6420454 0.37
0.6405526 0.37
0.6420926 0.37
0.6410596 0.37
0.6411496 0.37
0.6412362 0.37
0.6406622 0.37
0.641185 0.37
0.6422902 0.37
0.6419337 0.37
0.6379195 0.37
0.6361464 0.37
0.6384616 0.37
0.6391885 0.37
0.6400462 0.37
0.6413649 0.37
0.6421947 0.37
0.6416459 0.37
0.6402514 0.37
0.6580204 0.38
0.6594012 0.38
0.6608938 0.38
0.6613513 0.38
0.6598735 0.38
0.6601864 0.38
0.6617051 0.38
0.6597843 0.38
0.6623343 0.38
0.6622716 0.38
0.6615458 0.38
0.6650599 0.38
0.6621611 0.38
0.6617773 0.38
0.6587548 0.38
0.6628054 0.38
0.6605431 0.38
0.6605645 0.38
0.6616696 0.38
0.6646537 0.38
0.6757874 0.39
0.6792346 0.39
0.6793863 0.39
0.6802797 0.39
0.6831496 0.39
0.6829866 0.39
0.6831311 0.39
0.6822498 0.39
0.6780136 0.39
0.6799605 0.39
0.6795129 0.39
0.679855 0.39
0.6853823 0.39
0.6891957 0.39
0.6837844 0.39
0.6843203 0.39
0.6816773 0.39
0.6818546 0.39
0.6828572 0.39
0.6799282 0.39
0.7004437 0.4
0.6994665 0.4
0.6952509 0.4
0.6956497 0.4
0.696014 0.4
0.697399 0.4
0.696831 0.4
0.6980785 0.4
0.7004833 0.4
0.6991043 0.4
0.6997073 0.4
0.699335 0.4
0.6987946 0.4
0.6992519 0.4
0.6987935 0.4
0.6990362 0.4
0.7003479 0.4
0.7008775 0.4
0.6985921 0.4
0.6984154 0.4
0.6976438 0.4
0.7302318 0.41
0.720632 0.41
0.7201362 0.41
0.7209827 0.41
0.7199905 0.41
0.7176241 0.41
0.7189741 0.41
0.7192475 0.41
0.717208 0.41
0.7162917 0.41
0.7169843 0.41
0.7181854 0.41
0.7181454 0.41
0.7193561 0.41
0.7220266 0.41
0.7195491 0.41
0.719957 0.41
0.7208806 0.41
0.7209687 0.41
0.7375059 0.41
0.7527171 0.42
0.7526766 0.42
0.7486565 0.42
0.7490917 0.42
0.7481552 0.42
0.7338287 0.42
0.7353396 0.42
0.7483342 0.42
0.749723 0.42
0.7512056 0.42
0.7494225 0.42
0.7467207 0.42
0.7474599 0.42
0.7486084 0.42
0.7475454 0.42
0.7484623 0.42
0.7473622 0.42
0.7473426 0.42
0.7468601 0.42
0.7478555 0.42
0.7669137 0.43
0.7672237 0.43
0.7671348 0.43
0.7612644 0.43
0.7583387 0.43
0.7555754 0.43
0.754983 0.43
0.7563428 0.43
0.7551829 0.43
0.7652491 0.43
0.7647892 0.43
0.7675915 0.43
0.7646691 0.43
0.7643392 0.43
0.7641709 0.43
0.7634581 0.43
0.7673288 0.43
0.7669594 0.43
0.7694482 0.43
0.7529778 0.43
0.7555185 0.43
0.7545477 0.43
0.7546042 0.43
0.7563971 0.43
0.7567302 0.43
0.7572703 0.43
0.7553573 0.43
0.7551352 0.43
0.7568963 0.43
0.7540025 0.43
0.7571735 0.43
0.7563393 0.43
0.7568986 0.43
0.7560911 0.43
0.7818338 0.44
0.7821575 0.44
0.7818173 0.44
0.7818587 0.44
0.7829255 0.44
0.7831013 0.44
0.7744591 0.44
0.7740059 0.44
0.7731541 0.44
0.7723351 0.44
0.7714363 0.44
0.7714244 0.44
0.7713196 0.44
0.7727571 0.44
0.7723906 0.44
0.7741612 0.44
0.7749529 0.44
0.7733114 0.44
0.7722077 0.44
0.7727148 0.44
0.7735797 0.44
0.7745191 0.44
0.7719939 0.44
0.7709926 0.44
0.7722034 0.44
0.7731564 0.44
0.7717314 0.44
0.7721253 0.44
0.7706484 0.44
0.7689819 0.44
0.7692509 0.44
0.7715123 0.44
0.7720546 0.44
0.7707506 0.44
0.7715101 0.44
0.7710472 0.44
0.7721052 0.44
0.768901 0.44
0.7684347 0.44
0.7685503 0.44
0.7702635 0.44
0.7738794 0.44
0.7741967 0.44
0.7753121 0.44
0.7746853 0.44
0.7709393 0.44
0.7698242 0.44
0.7700453 0.44
0.7718573 0.44
0.7726668 0.44
0.7927967 0.45
0.7946773 0.45
0.793715 0.45
0.7938274 0.45
0.7940422 0.45
0.7903821 0.45
0.7923257 0.45
0.7929333 0.45
0.8041247 0.45
0.8034918 0.45
0.8033627 0.45
0.8035282 0.45
0.8025779 0.45
0.8026314 0.45
0.8028686 0.45
0.8042356 0.45
0.8041809 0.45
0.8035333 0.45
0.8028253 0.45
0.8045554 0.45
0.8022864 0.45
0.8039973 0.45
0.8044502 0.45
0.8047008 0.45
0.8039789 0.45
0.7997637 0.45
0.7998095 0.45
0.7983353 0.45
0.7987807 0.45
0.7992988 0.45
0.7993909 0.45
0.7991098 0.45
0.7992427 0.45
0.7995861 0.45
0.8008915 0.45
0.801726 0.45
0.8236652 0.46
0.8238525 0.46
0.8218954 0.46
0.8232768 0.46
0.8209628 0.46
0.8208639 0.46
0.8230124 0.46
0.8235145 0.46
0.822605 0.46
0.8200536 0.46
0.8188534 0.46
0.8202814 0.46
0.8185965 0.46
0.819767 0.46
0.8202222 0.46
0.819346 0.46
0.8216689 0.46
0.8249987 0.46
0.8218428 0.46
0.8203198 0.46
0.836755 0.47
0.8260919 0.47
0.8277917 0.47
0.8246793 0.47
0.8251069 0.47
0.8248854 0.47
0.8253874 0.47
0.8262061 0.47
0.8277612 0.47
0.8268112 0.47
0.8259748 0.47
0.8253794 0.47
0.8246281 0.47
0.8265334 0.47
0.8262591 0.47
0.8251452 0.47
0.8253223 0.47
0.825923 0.47
0.8264421 0.47
0.827524 0.47
0.8278584 0.47
0.8433411 0.48
0.8422434 0.48
0.8437251 0.48
0.842844 0.48
0.8412104 0.48
0.8437312 0.48
0.8414586 0.48
0.8424363 0.48
0.8395863 0.48
0.8401412 0.48
0.8400704 0.48
0.8391945 0.48
0.8388342 0.48
0.8391673 0.48
0.8387037 0.48
0.8438827 0.48
0.8429746 0.48
0.8449512 0.48
0.8435999 0.48
0.8433896 0.48
0.8441205 0.48
0.8450395 0.48
0.8760546 0.49
0.8766828 0.49
0.8763669 0.49
0.875954 0.49
0.8753423 0.49
0.8750249 0.49
0.8753212 0.49
0.8759816 0.49
0.8751146 0.49
0.8752444 0.49
0.8758539 0.49
0.8759717 0.49
0.876288 0.49
0.8755915 0.49
0.8766048 0.49
0.8760626 0.49
0.8758088 0.49
0.8748813 0.49
0.8757706 0.49
0.8733219 0.49
0.8734537 0.49
0.8749081 0.49
0.8754333 0.49
0.8760124 0.49
0.8814101 0.5
0.8780788 0.5
0.878787 0.5
0.8807657 0.5
0.8812051 0.5
0.8804522 0.5
0.881027 0.5
0.8808467 0.5
0.8804048 0.5
0.8810108 0.5
0.8808241 0.5
0.8801668 0.5
0.8814183 0.5
0.8801661 0.5
0.8805366 0.5
0.8799865 0.5
0.8797668 0.5
0.880469 0.5
0.8792036 0.5
0.8824512 0.5
0.8825198 0.5
0.8826776 0.5
0.8988752 0.51
0.8981107 0.51
0.8995895 0.51
0.897854 0.51
0.8987174 0.51
0.8963057 0.51
0.8972344 0.51
0.896351 0.51
0.8954277 0.51
0.897177 0.51
0.8972244 0.51
0.8964593 0.51
0.8982897 0.51
0.8993806 0.51
0.8978026 0.51
0.8962612 0.51
0.8985758 0.51
0.8970991 0.51
0.898388 0.51
0.8982432 0.51
0.8970343 0.51
0.8971037 0.51
0.8981179 0.51
0.9151787 0.52
0.9167389 0.52
0.9161197 0.52
0.9166298 0.52
0.9159136 0.52
0.9146137 0.52
0.9156691 0.52
0.9143429 0.52
0.9145116 0.52
0.9133942 0.52
0.9305875 0.52
0.9293058 0.52
0.9298111 0.52
0.9296779 0.52
0.9295034 0.52
0.9297526 0.52
0.9295513 0.52
0.9297112 0.52
0.9290985 0.52
0.9298794 0.52
0.9300449 0.52
0.9303291 0.52
0.9302432 0.52
0.929045 0.52
0.9136199 0.52
0.9153505 0.52
0.9323214 0.53
0.930911 0.53
0.9330868 0.53
0.9339956 0.53
0.9353939 0.53
0.9364728 0.53
0.9326794 0.53
0.9353701 0.53
0.9335932 0.53
0.9334145 0.53
0.9337126 0.53
0.9363773 0.53
0.9355739 0.53
0.9343248 0.53
0.935724 0.53
0.9346026 0.53
0.9331422 0.53
0.9347007 0.53
0.9329291 0.53
0.9331664 0.53
0.9321641 0.53
0.9323726 0.53
0.9314114 0.53
0.9309165 0.53
0.9312961 0.53
0.9343792 0.53
0.9330405 0.53
0.9325117 0.53
0.9316667 0.53
0.9505239 0.54
0.9500477 0.54
0.9501671 0.54
0.9495765 0.54
0.9479911 0.54
0.9479713 0.54
0.9482593 0.54
0.9517801 0.54
0.9520884 0.54
0.9515969 0.54
0.9502718 0.54
0.9494169 0.54
0.95034 0.54
0.9512108 0.54
0.9503767 0.54
0.9510853 0.54
0.9530727 0.54
0.9512664 0.54
0.9506434 0.54
0.9507954 0.54
0.9507275 0.54
0.9501746 0.54
0.9507528 0.54
0.9502352 0.54
0.950165 0.54
0.9501847 0.54
0.9503149 0.54
0.9507037 0.54
0.9538733 0.54
0.9529812 0.54
0.9537762 0.54
0.9530556 0.54
0.9521655 0.54
0.9511634 0.54
0.9504898 0.54
0.9494619 0.54
0.9512891 0.54
0.95047 0.54
0.9662977 0.55
0.9675446 0.55
0.9662391 0.55
0.9686593 0.55
0.9671082 0.55
0.9676223 0.55
0.967042 0.55
0.967268 0.55
0.9686582 0.55
0.9676985 0.55
0.9664966 0.55
0.9666939 0.55
0.9661732 0.55
0.9674951 0.55
0.9676687 0.55
0.9670373 0.55
0.9669659 0.55
0.9659935 0.55
0.9653582 0.55
0.9646973 0.55
0.966113 0.55
0.9675004 0.55
0.9671677 0.55
0.9659366 0.55
0.9658254 0.55
0.9680586 0.55
0.9874638 0.56
0.985256 0.56
0.9853053 0.56
0.9847251 0.56
0.9853003 0.56
0.9871827 0.56
0.9869662 0.56
0.9856159 0.56
0.985863 0.56
0.9852605 0.56
0.9852507 0.56
0.9856578 0.56
0.986517 0.56
0.984908 0.56
0.9860626 0.56
0.9851034 0.56
0.9855546 0.56
0.9836504 0.56
0.9851744 0.56
0.9847844 0.56
0.9854677 0.56
0.9854418 0.56
0.984151 0.56
0.9851858 0.56
0.9881291 0.56
0.9867018 0.56
1.003399 0.57
1.004776 0.57
1.004026 0.57
1.003789 0.57
1.003749 0.57
1.005046 0.57
1.005685 0.57
1.004235 0.57
1.003233 0.57
1.003968 0.57
1.00248 0.57
1.002183 0.57
1.003024 0.57
1.003912 0.57
1.002313 0.57
1.003817 0.57
1.002475 0.57
1.002687 0.57
1.003737 0.57
1.001785 0.57
1.00262 0.57
1.002463 0.57
1.000804 0.57
1.002162 0.57
1.001882 0.57
1.002821 0.57
1.005168 0.57
1.004948 0.57
1.002538 0.57
1.017797 0.57
1.017315 0.57
1.016157 0.57
1.004212 0.57
1.022303 0.58
1.0232 0.58
1.023481 0.58
1.02347 0.58
1.022258 0.58
1.021542 0.58
1.021101 0.58
1.02006 0.58
1.021218 0.58
1.020777 0.58
1.020189 0.58
1.018341 0.58
1.020716 0.58
1.022588 0.58
1.022484 0.58
1.023279 0.58
1.023726 0.58
1.021725 0.58
1.021443 0.58
1.020854 0.58
1.021673 0.58
1.022014 0.58
1.020157 0.58
1.020442 0.58
1.022627 0.58
1.022607 0.58
1.020354 0.58
1.021644 0.58
1.041587 0.59
1.041123 0.59
1.039861 0.59
1.038968 0.59
1.038633 0.59
1.039908 0.59
1.042315 0.59
1.041292 0.59
1.040633 0.59
1.039333 0.59
1.040408 0.59
1.041193 0.59
1.041398 0.59
1.042711 0.59
1.041649 0.59
1.041385 0.59
1.03896 0.59
1.039976 0.59
1.040037 0.59
1.040227 0.59
1.041469 0.59
1.04051 0.59
1.041522 0.59
1.039815 0.59
1.040511 0.59
1.041924 0.59
1.04199 0.59
1.05931 0.6
1.059747 0.6
1.059586 0.6
1.058604 0.6
1.059327 0.6
1.059897 0.6
1.057966 0.6
1.056952 0.6
1.058198 0.6
1.057898 0.6
1.057487 0.6
1.059678 0.6
1.057753 0.6
1.055578 0.6
1.05731 0.6
1.05695 0.6
1.055326 0.6
1.055718 0.6
1.057379 0.6
1.055244 0.6
1.057241 0.6
1.055954 0.6
1.058593 0.6
1.05675 0.6
1.05704 0.6
1.057681 0.6
1.058103 0.6
1.057272 0.6
1.058479 0.6
1.076288 0.61
1.076999 0.61
1.075647 0.61
1.075865 0.61
1.075936 0.61
1.076473 0.61
1.075564 0.61
1.077054 0.61
1.075552 0.61
1.077775 0.61
1.076736 0.61
1.075327 0.61
1.077162 0.61
1.076931 0.61
1.076693 0.61
1.078271 0.61
1.077823 0.61
1.078012 0.61
1.077289 0.61
1.078099 0.61
1.077403 0.61
1.078334 0.61
1.07613 0.61
1.07653 0.61
1.07673 0.61
1.079072 0.61
1.077489 0.61
1.077016 0.61
1.077691 0.61
1.094756 0.62
1.094591 0.62
1.095842 0.62
1.097429 0.62
1.096406 0.62
1.096855 0.62
1.09575 0.62
1.095714 0.62
1.096519 0.62
1.097096 0.62
1.096146 0.62
1.095921 0.62
1.092923 0.62
1.094352 0.62
1.094708 0.62
1.09269 0.62
1.093237 0.62
1.093107 0.62
1.093258 0.62
1.093121 0.62
1.092611 0.62
1.090896 0.62
1.095435 0.62
1.09479 0.62
1.095656 0.62
1.094936 0.62
1.096612 0.62
1.097174 0.62
1.095843 0.62
1.095517 0.62
1.096257 0.62
1.097356 0.62
1.095381 0.62
1.097657 0.62
1.113659 0.63
1.110921 0.63
1.112019 0.63
1.111097 0.63
1.111259 0.63
1.112125 0.63
1.111366 0.63
1.110825 0.63
1.109791 0.63
1.112434 0.63
1.123014 0.63
1.12324 0.63
1.123125 0.63
1.125947 0.63
1.124364 0.63
1.122499 0.63
1.122921 0.63
1.122215 0.63
1.122642 0.63
1.121781 0.63
1.121777 0.63
1.122428 0.63
1.123625 0.63
1.123471 0.63
1.123059 0.63
1.123974 0.63
1.124162 0.63
1.123183 0.63
1.122821 0.63
1.123176 0.63
1.123501 0.63
1.122515 0.63
1.124623 0.63
1.123283 0.63
1.123994 0.63
1.124143 0.63
1.139612 0.64
1.140637 0.64
1.14269 0.64
1.141441 0.64
1.143692 0.64
1.144131 0.64
1.142959 0.64
1.143693 0.64
1.143199 0.64
1.142657 0.64
1.130912 0.64
1.132316 0.64
1.130332 0.64
1.130114 0.64
1.131425 0.64
1.130409 0.64
1.132863 0.64
1.130643 0.64
1.129481 0.64
1.130637 0.64
1.131427 0.64
1.130698 0.64
1.135744 0.64
1.13412 0.64
1.134963 0.64
1.133239 0.64
1.13388 0.64
1.132029 0.64
1.132325 0.64
1.131605 0.64
1.129777 0.64
1.130373 0.64
1.13131 0.64
1.146735 0.65
1.147581 0.65
1.146639 0.65
1.145114 0.65
1.146589 0.65
1.147129 0.65
1.145535 0.65
1.145758 0.65
1.147064 0.65
1.146531 0.65
1.145069 0.65
1.146887 0.65
1.147424 0.65
1.144657 0.65
1.144433 0.65
1.143677 0.65
1.147404 0.65
1.145855 0.65
1.146023 0.65
1.14544 0.65
1.144482 0.65
1.146955 0.65
1.14749 0.65
1.145869 0.65
1.164376 0.66
1.164933 0.66
1.165493 0.66
1.16385 0.66
1.164094 0.66
1.165049 0.66
1.165267 0.66
1.165425 0.66
1.162756 0.66
1.16527 0.66
1.166442 0.66
1.166307 0.66
1.165202 0.66
1.163737 0.66
1.165795 0.66
1.168158 0.66
1.164385 0.66
1.162682 0.66
1.162051 0.66
1.163698 0.66
1.184394 0.67
1.184028 0.67
1.183324 0.67
1.184797 0.67
1.184368 0.67
1.184753 0.67
1.185099 0.67
1.18524 0.67
1.182855 0.67
1.184675 0.67
1.182334 0.67
1.18304 0.67
1.180679 0.67
1.180596 0.67
1.178252 0.67
1.179213 0.67
1.181141 0.67
1.179915 0.67
1.180782 0.67
1.184149 0.67
1.199295 0.68
1.198231 0.68
1.197483 0.68
1.198289 0.68
1.200579 0.68
1.198883 0.68
1.200436 0.68
1.198935 0.68
1.197753 0.68
1.199722 0.68
1.200504 0.68
1.200857 0.68
1.199307 0.68
1.201259 0.68
1.203009 0.68
1.199391 0.68
1.199822 0.68
1.199705 0.68
1.197881 0.68
1.195099 0.68
1.198046 0.68
1.198715 0.68
1.199416 0.68
1.200069 0.68
1.200025 0.68
1.218235 0.69
1.21774 0.69
1.215737 0.69
1.216734 0.69
1.217346 0.69
1.219527 0.69
1.218094 0.69
1.216739 0.69
1.217988 0.69
1.218472 0.69
1.21916 0.69
1.216502 0.69
1.215789 0.69
1.218625 0.69
1.218949 0.69
1.219964 0.69
1.218634 0.69
1.219162 0.69
1.218022 0.69
1.214453 0.69
1.235187 0.7
1.234995 0.7
1.23484 0.7
1.233533 0.7
1.234783 0.7
1.235605 0.7
1.23815 0.7
1.238753 0.7
1.239018 0.7
1.236651 0.7
1.236103 0.7
1.236131 0.7
1.235561 0.7
1.235687 0.7
1.236271 0.7
1.236314 0.7
1.236666 0.7
1.237575 0.7
1.236525 0.7
1.23634 0.7
1.257201 0.71
1.255604 0.71
1.255287 0.71
1.255508 0.71
1.255652 0.71
1.254304 0.71
1.253985 0.71
1.254917 0.71
1.255937 0.71
1.25575 0.71
1.254868 0.71
1.253508 0.71
1.252721 0.71
1.253576 0.71
1.254969 0.71
1.254601 0.71
1.255851 0.71
1.254206 0.71
1.253324 0.71
1.253549 0.71
1.25237 0.71
1.255368 0.71
1.254682 0.71
1.253203 0.71
1.252828 0.71
1.254617 0.71
1.271894 0.72
1.269854 0.72
1.268867 0.72
1.270409 0.72
1.272839 0.72
1.270779 0.72
1.269851 0.72
1.268246 0.72
1.272033 0.72
1.271585 0.72
1.270499 0.72
1.270223 0.72
1.27203 0.72
1.272108 0.72
1.269713 0.72
1.270514 0.72
1.269865 0.72
1.268996 0.72
1.269758 0.72
1.27031 0.72
1.288318 0.73
1.288909 0.73
1.289464 0.73
1.288245 0.73
1.289285 0.73
1.289269 0.73
1.287393 0.73
1.28789 0.73
1.286633 0.73
1.285869 0.73
1.287791 0.73
1.287869 0.73
1.289841 0.73
1.289644 0.73
1.290565 0.73
1.290835 0.73
1.292335 0.73
1.290892 0.73
1.297659 0.73
1.298627 0.73
1.315427 0.74
1.316823 0.74
1.316472 0.74
1.317332 0.74
1.317398 0.74
1.306528 0.74
1.305393 0.74
1.304463 0.74
1.306148 0.74
1.31382 0.74
1.315453 0.74
1.314849 0.74
1.31448 0.74
1.31576 0.74
1.316723 0.74
1.315249 0.74
1.316741 0.74
1.314392 0.74
1.315156 0.74
1.314566 0.74
1.315235 0.74
1.315994 0.74
1.317217 0.74
1.314834 0.74
1.315375 0.74
1.332446 0.75
1.332571 0.75
1.331307 0.75
1.333758 0.75
1.33326 0.75
1.331448 0.75
1.332263 0.75
1.332039 0.75
1.332561 0.75
1.333803 0.75
1.334376 0.75
1.333659 0.75
1.335749 0.75
1.335028 0.75
1.333993 0.75
1.332163 0.75
1.33257 0.75
1.331927 0.75
1.332608 0.75
1.333326 0.75
1.334499 0.75
1.332792 0.75
1.335182 0.75
1.350653 0.76
1.347933 0.76
1.3486 0.76
1.349824 0.76
1.348347 0.76
1.349353 0.76
1.349875 0.76
1.35085 0.76
1.34933 0.76
1.34901 0.76
1.349388 0.76
1.349656 0.76
1.349906 0.76
1.348208 0.76
1.348059 0.76
1.348634 0.76
1.348605 0.76
1.349994 0.76
1.351461 0.76
1.351491 0.76
1.366965 0.77
1.366287 0.77
1.365891 0.77
1.364324 0.77
1.364624 0.77
1.364882 0.77
1.365401 0.77
1.366722 0.77
1.364592 0.77
1.364211 0.77
1.365518 0.77
1.364492 0.77
1.364612 0.77
1.365962 0.77
1.366104 0.77
1.368397 0.77
1.369141 0.77
1.368963 0.77
1.368038 0.77
1.367758 0.77
1.387047 0.78
1.385698 0.78
1.38565 0.78
1.385176 0.78
1.385314 0.78
1.384709 0.78
1.384343 0.78
1.384084 0.78
1.38484 0.78
1.384075 0.78
1.38419 0.78
1.384696 0.78
1.386075 0.78
1.386651 0.78
1.385806 0.78
1.385153 0.78
1.385017 0.78
1.385228 0.78
1.385217 0.78
1.383852 0.78
1.383714 0.78
1.385251 0.78
1.403317 0.79
1.403088 0.79
1.401942 0.79
1.402434 0.79
1.401773 0.79
1.402413 0.79
1.403419 0.79
1.404805 0.79
1.403256 0.79
1.40558 0.79
1.405227 0.79
1.404823 0.79
1.40319 0.79
1.403579 0.79
1.403281 0.79
1.403475 0.79
1.402717 0.79
1.402994 0.79
1.405129 0.79
1.403058 0.79
1.418536 0.8
1.417564 0.8
1.417217 0.8
1.418402 0.8
1.416634 0.8
1.419428 0.8
1.41944 0.8
1.419669 0.8
1.418964 0.8
1.419053 0.8
1.418489 0.8
1.41843 0.8
1.419284 0.8
1.419103 0.8
1.418972 0.8
1.41753 0.8
1.418407 0.8
1.417753 0.8
1.417596 0.8
1.41909 0.8
0.1492787 0.1
0.1492559 0.1
0.1491306 0.1
0.1492999 0.1
0.1495001 0.1
0.1495016 0.1
0.1477749 0.1
0.1478094 0.1
0.148115 0.1
0.1475574 0.1
0.1474659 0.1
0.1469622 0.1
0.1493518 0.1
0.1493546 0.1
0.1492756 0.1
0.1492037 0.1
0.1493444 0.1
0.1490089 0.1
0.1472432 0.1
0.146601 0.1
0.149397 0.1
0.1493507 0.1
0.1470734 0.1
0.1467981 0.1
0.1491897 0.1
0.1472367 0.1
0.1490597 0.1
0.1493879 0.1
0.1474243 0.1
0.1490038 0.1
0.1489873 0.1
0.1492265 0.1
0.1484094 0.1
0.1494947 0.1
0.1494699 0.1
0.1473784 0.1
0.147508 0.1
0.1495242 0.1
0.1495605 0.1
0.1494303 0.1
0.1707701 0.11
0.1685826 0.11
0.1683821 0.11
0.167185 0.11
0.1672426 0.11
0.1678242 0.11
0.1691709 0.11
0.1713659 0.11
0.1708879 0.11
0.1684815 0.11
0.1682299 0.11
0.1674828 0.11
0.1676297 0.11
0.1677879 0.11
0.1677465 0.11
0.1679828 0.11
0.1689603 0.11
0.1685658 0.11
0.1680462 0.11
0.1661986 0.11
0.1680071 0.11
0.1681306 0.11
0.1668029 0.11
0.1683503 0.11
0.1673112 0.11
0.1674992 0.11
0.1682873 0.11
0.1682827 0.11
0.1671662 0.11
0.1682379 0.11
0.1682974 0.11
0.1683691 0.11
0.1684151 0.11
0.1681276 0.11
0.1681741 0.11
0.168379 0.11
0.1683455 0.11
0.1683521 0.11
0.1683382 0.11
0.1675741 0.11
0.1917261 0.12
0.1915678 0.12
0.1939072 0.12
0.1928071 0.12
0.1931425 0.12
0.1913047 0.12
0.1907527 0.12
0.1913148 0.12
0.1900698 0.12
0.1909744 0.12
0.1919495 0.12
0.1931178 0.12
0.1924553 0.12
0.1925355 0.12
0.1927968 0.12
0.1928256 0.12
0.1925256 0.12
0.1930098 0.12
0.1925138 0.12
0.1927554 0.12
0.1925308 0.12
0.1940818 0.12
0.1938457 0.12
0.1930621 0.12
0.1938576 0.12
0.1942632 0.12
0.1942192 0.12
0.1938025 0.12
0.1922033 0.12
0.1930696 0.12
0.2062883 0.13
0.207476 0.13
0.2078474 0.13
0.2077447 0.13
0.2121087 0.13
0.21113 0.13
0.210957 0.13
0.2098594 0.13
0.2082907 0.13
0.2116743 0.13
0.2091294 0.13
0.2124166 0.13
0.2134812 0.13
0.2124977 0.13
0.2119323 0.13
0.2055603 0.13
0.205191 0.13
0.2052361 0.13
0.2064209 0.13
0.2059233 0.13
0.20626 0.13
0.2057773 0.13
0.2098062 0.13
0.2070603 0.13
0.21027 0.13
0.2063181 0.13
0.2093681 0.13
0.2085067 0.13
0.2057609 0.13
0.206123 0.13
0.2079159 0.13
0.2078936 0.13
0.2062399 0.13
0.2059494 0.13
0.2062059 0.13
0.2064264 0.13
0.2094332 0.13
0.205602 0.13
0.2056017 0.13
0.2058958 0.13
0.6034904 0.35
0.6039912 0.35
0.6039844 0.35
0.6050982 0.35
0.6035003 0.35
0.6038361 0.35
0.6042717 0.35
0.6055227 0.35
0.6060213 0.35
0.6066427 0.35
0.6094838 0.35
0.608689 0.35
0.6083628 0.35
0.6072317 0.35
0.6069396 0.35
0.6037436 0.35
0.6028785 0.35
0.6037965 0.35
0.6031048 0.35
0.6039228 0.35
0.6027236 0.35
0.6016872 0.35
0.6018287 0.35
0.6014826 0.35
0.6018627 0.35
0.6015963 0.35
0.6020953 0.35
0.6018629 0.35
0.6025327 0.35
0.602725 0.35
0.6019633 0.35
0.6027033 0.35
0.6012008 0.35
0.6016064 0.35
0.6030951 0.35
0.6029729 0.35
0.6025535 0.35
0.6013502 0.35
0.6015748 0.35
0.6012622 0.35
0.6012498 0.35
0.6015661 0.35
0.6018027 0.35
0.6012658 0.35
0.5998725 0.35
0.6007916 0.35
0.6002721 0.35
0.5997542 0.35
0.5998482 0.35
0.599388 0.35
0.6002299 0.35
0.5996476 0.35
0.6014556 0.35
0.6001832 0.35
0.6007367 0.35
0.6009971 0.35
0.6014746 0.35
0.6017718 0.35
0.6017027 0.35
0.6026566 0.35
0.6052843 0.35
0.6048496 0.35
0.6074181 0.35
0.6065255 0.35
0.6075687 0.35
0.6077304 0.35
0.60906 0.35
0.6088274 0.35
0.6113801 0.35
0.6124561 0.35
0.6142534 0.35
0.6113895 0.35
0.6087465 0.35
0.6064545 0.35
0.6034021 0.35
0.6018075 0.35
0.6022637 0.35
0.6032147 0.35
0.6032831 0.35
0.6038722 0.35
0.6032255 0.35
0.6044061 0.35
0.6052964 0.35
0.6062239 0.35
0.6063169 0.35
0.6069146 0.35
0.6070642 0.35
0.6065009 0.35
0.6063618 0.35
0.6077979 0.35
0.6084228 0.35
0.6097918 0.35
0.6133729 0.35
0.6115072 0.35
0.6092347 0.35
0.6098253 0.35
0.6091838 0.35
0.6073943 0.35
0.6074501 0.35
0.6079487 0.35
0.6115686 0.35
0.6111792 0.35
0.6086894 0.35
0.6069472 0.35
0.6073746 0.35
0.6042681 0.35
0.6037742 0.35
0.6038146 0.35
0.6037395 0.35
0.6303673 0.36
0.628017 0.36
0.6279295 0.36
0.627951 0.36
0.6293442 0.36
0.6298954 0.36
0.6283076 0.36
0.6286821 0.36
0.6284305 0.36
0.6277301 0.36
0.6277577 0.36
0.6264239 0.36
0.6268337 0.36
0.6275302 0.36
0.626519 0.36
0.6242789 0.36
0.6244973 0.36
0.6246291 0.36
0.6248387 0.36
0.626098 0.36
0.6262844 0.36
0.6263247 0.36
0.6264685 0.36
0.627198 0.36
0.6281613 0.36
0.6283206 0.36
0.6277132 0.36
0.6286445 0.36
0.6303885 0.36
0.630501 0.36
0.6304035 0.36
0.6311444 0.36
0.6308416 0.36
0.6311472 0.36
0.6308455 0.36
0.6298672 0.36
0.6292791 0.36
0.6284416 0.36
0.6275242 0.36
0.6273269 0.36
0.6262449 0.36
0.6259377 0.36
0.6256923 0.36
0.6254828 0.36
0.6260149 0.36
0.6268135 0.36
0.6259985 0.36
0.6260895 0.36
0.6253069 0.36
0.6252361 0.36
0.622798 0.36
0.6230971 0.36
0.6288045 0.36
0.6295907 0.36
0.6284524 0.36
0.6288483 0.36
0.627897 0.36
0.6290752 0.36
0.6294579 0.36
0.6286766 0.36
0.6273159 0.36
0.6285805 0.36
0.6285954 0.36
0.6281437 0.36
0.6290227 0.36
0.6294774 0.36
0.6298336 0.36
0.6286408 0.36
0.6278883 0.36
0.6260408 0.36
0.6253389 0.36
0.6256495 0.36
0.6258435 0.36
0.6261197 0.36
0.6251906 0.36
0.6236829 0.36
0.6230013 0.36
0.6220512 0.36
0.6219645 0.36
0.6218555 0.36
0.6227418 0.36
0.6233134 0.36
0.6238225 0.36
0.623854 0.36
0.6230226 0.36
0.6421364 0.37
0.641579 0.37
0.6414247 0.37
0.6408548 0.37
0.6409646 0.37
0.6415719 0.37
0.641762 0.37
0.6405725 0.37
0.6417446 0.37
0.6414416 0.37
0.6401576 0.37
0.6407155 0.37
0.6405316 0.37
0.6414561 0.37
0.6420331 0.37
0.6415544 0.37
0.6405437 0.37
0.6406176 0.37
0.6416969 0.37
0.6412624 0.37
0.6410589 0.37
0.6415215 0.37
0.6409242 0.37
0.6407728 0.37
0.6423892 0.37
0.6429271 0.37
0.6419531 0.37
0.6425962 0.37
0.6413811 0.37
0.6407457 0.37
0.6422548 0.37
0.6415389 0.37
0.6415986 0.37
0.6418607 0.37
0.6423973 0.37
0.6434874 0.37
0.6425611 0.37
0.6423074 0.37
0.6425769 0.37
0.6421591 0.37
0.6425706 0.37
0.6427909 0.37
0.6430652 0.37
0.6470609 0.37
0.6468332 0.37
0.6458395 0.37
0.6454033 0.37
0.6467702 0.37
0.6446424 0.37
0.6443105 0.37
0.6435509 0.37
0.6425464 0.37
0.6438509 0.37
0.6456347 0.37
0.6453149 0.37
0.6450004 0.37
0.645027 0.37
0.6438304 0.37
0.6436504 0.37
0.6448748 0.37
0.6625749 0.38
0.6626152 0.38
0.6630695 0.38
0.6623265 0.38
0.6623608 0.38
0.6628979 0.38
0.6652278 0.38
0.6659479 0.38
0.6663067 0.38
0.6659837 0.38
0.6658906 0.38
0.6656307 0.38
0.6656018 0.38
0.6659923 0.38
0.6619529 0.38
0.6605237 0.38
0.6598088 0.38
0.6575842 0.38
0.6582457 0.38
0.6582359 0.38
0.6587301 0.38
0.6585147 0.38
0.6590673 0.38
0.6597474 0.38
0.660274 0.38
0.6604003 0.38
0.65803 0.38
0.657809 0.38
0.657217 0.38
0.6570178 0.38
0.6575304 0.38
0.6584244 0.38
0.6601441 0.38
0.6606039 0.38
0.6596043 0.38
0.6603374 0.38
0.6596764 0.38
0.6603718 0.38
0.6605195 0.38
0.6604065 0.38
0.6603258 0.38
0.6611677 0.38
0.6612206 0.38
0.662801 0.38
0.6635351 0.38
0.6637483 0.38
0.6642727 0.38
0.6636904 0.38
0.6631131 0.38
0.6627405 0.38
0.6605497 0.38
0.6617391 0.38
0.6807538 0.39
0.6807412 0.39
0.6807184 0.39
0.6804589 0.39
0.6803094 0.39
0.6811706 0.39
0.6809651 0.39
0.6813973 0.39
0.6817973 0.39
0.6806148 0.39
0.6801055 0.39
0.6795019 0.39
0.678368 0.39
0.6786441 0.39
0.6796671 0.39
0.6796914 0.39
0.6805859 0.39
0.6809199 0.39
0.6791078 0.39
0.6809687 0.39
0.6809099 0.39
0.6811168 0.39
0.6822658 0.39
0.6838371 0.39
0.6838605 0.39
0.6853089 0.39
0.6852207 0.39
0.6851782 0.39
0.6839815 0.39
0.6844822 0.39
0.6855702 0.39
0.684451 0.39
0.6965763 0.39
0.6863781 0.39
0.6866063 0.39
0.6856995 0.39
0.685746 0.39
0.6853842 0.39
0.6844846 0.39
0.6876918 0.39
0.6877454 0.39
0.6867989 0.39
0.6860219 0.39
0.6856272 0.39
0.6855652 0.39
0.6844288 0.39
0.6846509 0.39
0.6815643 0.39
0.6823841 0.39
0.683011 0.39
0.6791459 0.39
0.679586 0.39
0.6796464 0.39
0.6789919 0.39
0.6788902 0.39
0.6789802 0.39
0.6781144 0.39
0.6786603 0.39
0.6787369 0.39
0.6816468 0.39
0.6825225 0.39
0.6843702 0.39
0.6892471 0.39
0 0.22
